100 500 0 99
64 11 47 15
28 89 50 2
48 47 85 12
63 88 28 4
26 70 9 3
63 86 61 17
12 96 70 6
2 50 31 5
42 16 43 18
17 67 81 1
76 77 56 15
67 33 55 19
65 31 63 15
72 50 61 3
61 91 30 13
87 98 59 3
34 5 67 9
75 93 41 20
45 50 58 5
96 77 44 7
77 21 13 9
53 10 5 18
59 10 17 4
33 27 50 7
62 55 23 6
17 32 23 4
56 33 31 9
95 0 19 18
31 74 29 19
0 58 37 4
9 7 97 14
45 48 99 4
73 62 13 12
30 28 93 9
40 59 20 16
71 34 95 20
62 67 11 18
77 78 95 5
82 70 52 1
76 35 65 3
64 68 79 6
63 76 35 15
28 58 43 8
26 49 91 19
99 76 86 19
94 95 74 9
96 25 92 11
45 49 99 6
36 4 95 11
22 27 11 5
36 53 33 5
66 34 53 8
13 77 56 3
7 10 75 17
8 76 55 1
91 65 26 9
7 37 20 11
93 79 33 18
40 55 75 5
90 88 63 10
24 68 98 6
80 83 23 7
51 90 74 16
54 2 86 1
68 95 50 3
67 95 60 14
80 84 80 13
73 71 8 7
69 57 45 8
20 86 39 12
53 21 52 12
24 87 81 17
97 38 11 15
28 36 89 8
96 6 80 12
74 89 40 6
98 36 85 1
53 55 100 15
48 38 13 9
12 88 49 3
22 10 70 3
22 12 28 8
64 17 58 4
75 64 23 15
30 78 5 19
35 70 44 11
48 45 59 18
97 3 100 4
18 41 49 16
39 76 64 10
66 8 15 18
71 41 51 18
13 45 29 11
76 30 98 9
42 30 34 9
90 31 44 5
35 3 77 17
9 52 6 9
55 25 32 1
62 6 53 3
3 5 47 12
51 73 8 2
66 82 98 7
72 33 63 7
39 84 41 12
85 18 32 11
13 3 31 14
20 30 91 2
85 76 36 3
76 44 17 9
67 84 17 4
35 82 8 16
6 26 44 3
13 80 76 19
20 1 49 8
89 86 72 15
80 96 59 11
84 34 8 10
2 37 96 15
27 1 28 15
77 22 10 2
39 36 35 14
25 41 84 12
76 62 15 2
53 79 20 11
33 43 60 9
2 73 27 4
37 4 18 6
70 50 100 14
79 27 66 12
36 33 21 1
58 84 52 8
36 67 35 15
87 57 83 2
73 54 15 5
50 82 28 16
12 30 55 19
35 16 22 10
11 7 29 1
87 69 92 11
84 48 92 8
80 70 37 7
7 29 75 11
11 52 58 4
81 51 73 14
34 18 53 10
34 57 60 11
15 55 97 11
36 83 85 20
35 83 26 14
83 40 6 6
91 76 23 16
62 57 98 12
95 63 82 4
74 44 29 9
59 93 63 14
77 70 54 10
46 97 34 2
2 69 26 18
19 47 36 10
24 74 88 20
89 40 100 5
32 66 55 5
53 26 92 14
63 73 15 9
61 16 69 7
22 94 5 10
8 81 80 18
62 33 55 18
0 85 12 7
21 18 6 13
98 50 52 1
82 6 77 4
33 91 63 19
40 56 44 4
53 14 75 15
23 24 25 9
89 62 47 10
26 51 18 10
16 71 87 2
13 4 95 4
70 10 49 3
0 48 46 2
87 72 43 16
3 61 29 13
27 7 51 9
28 51 71 16
39 36 7 13
25 65 85 20
2 30 62 5
81 84 10 14
10 42 29 18
59 11 20 3
66 78 76 14
73 75 91 11
94 59 28 9
8 94 61 11
98 88 57 16
91 77 35 10
65 86 71 9
3 98 28 14
40 4 66 8
22 92 94 8
39 85 15 19
89 51 87 2
84 26 49 19
27 50 97 9
85 72 28 18
44 89 85 17
8 28 76 11
92 99 6 4
56 47 21 15
71 47 74 8
61 97 33 7
52 57 30 12
51 98 71 14
55 39 99 13
14 84 6 11
49 3 42 15
46 84 68 11
82 42 58 16
66 59 48 17
63 31 77 3
50 57 80 17
50 8 88 5
78 62 61 9
26 90 44 10
41 7 56 19
91 47 84 16
95 10 83 19
17 8 10 1
1 92 37 11
53 22 10 11
69 26 36 16
68 74 84 3
78 57 30 13
19 48 18 8
6 46 19 6
36 80 87 12
90 45 51 11
27 43 61 4
16 26 32 16
57 13 29 1
51 71 43 9
18 25 64 5
90 20 28 18
8 52 96 1
53 55 83 16
27 68 97 18
96 95 35 4
97 68 53 18
98 78 82 17
58 34 43 12
64 33 18 3
95 64 16 2
39 28 47 2
48 73 75 16
18 53 25 18
60 44 70 12
27 45 58 4
27 37 80 9
46 40 95 14
84 13 61 10
80 41 23 11
77 10 59 17
12 40 92 4
19 32 44 6
41 95 86 10
13 84 79 18
96 92 7 20
38 87 14 16
9 61 30 10
10 86 70 14
96 75 34 11
83 89 63 1
0 14 88 6
51 58 26 9
45 99 45 13
65 86 81 12
61 29 88 8
69 88 62 12
32 27 21 16
83 0 48 5
24 33 58 8
16 97 56 10
7 48 69 15
97 41 14 6
39 93 99 20
38 85 39 16
55 38 27 16
40 47 10 8
98 44 14 3
12 79 10 8
12 1 83 17
30 10 9 19
71 34 39 5
66 12 78 14
12 27 92 10
29 8 34 4
83 4 23 1
60 48 51 2
79 90 12 11
47 19 45 3
76 34 80 7
49 72 16 4
96 35 22 5
92 9 59 19
38 28 15 6
44 9 96 2
92 46 82 7
82 16 31 13
11 31 35 14
74 14 50 8
35 10 48 7
21 46 82 13
26 35 15 19
20 14 34 10
32 20 64 19
1 91 98 1
56 65 27 12
63 89 26 8
64 67 30 13
54 36 16 18
17 76 56 1
62 84 49 16
58 7 12 17
23 82 68 9
84 71 43 7
28 4 17 20
63 53 68 17
48 60 43 1
36 3 86 20
37 96 80 13
67 85 47 3
68 71 70 19
87 39 40 1
40 42 85 7
73 38 94 19
81 34 35 1
10 61 83 8
73 39 54 7
26 31 28 11
63 51 51 12
86 79 94 7
19 27 30 16
51 12 66 6
73 32 70 4
75 97 42 16
39 28 53 11
88 0 60 1
89 44 72 9
53 99 97 1
52 9 60 3
21 41 93 14
27 63 42 9
4 69 36 14
8 33 22 7
75 66 8 7
57 96 84 3
54 11 91 12
37 96 30 16
24 51 96 16
15 47 94 8
42 66 19 4
14 15 71 11
97 60 50 13
44 91 56 16
97 83 81 7
20 77 53 19
88 12 89 14
45 27 57 17
21 25 31 17
44 73 86 18
84 86 32 17
22 41 33 15
32 2 63 3
27 21 70 6
2 97 41 9
81 7 81 8
30 10 65 3
16 33 74 1
12 51 100 12
57 59 44 13
16 29 100 5
24 53 30 1
45 66 75 8
7 42 94 6
82 99 49 3
5 83 67 1
28 45 67 5
80 28 92 20
32 10 93 12
1 25 32 7
1 91 63 6
97 32 44 14
82 24 65 14
60 12 55 20
31 4 20 6
2 79 91 8
10 2 80 9
32 90 36 13
36 73 89 16
26 72 55 13
57 95 14 7
78 20 80 13
16 73 30 12
63 68 85 10
30 36 55 4
59 22 28 3
15 46 7 17
95 87 91 6
33 18 85 4
32 94 29 17
53 11 7 10
42 56 87 19
53 62 40 6
42 1 17 13
80 7 29 18
12 13 94 14
79 97 83 11
10 58 11 16
46 75 81 17
59 66 85 10
64 18 95 14
74 65 91 7
92 83 85 17
29 11 61 3
46 16 45 17
23 65 8 3
96 59 35 20
76 45 71 11
98 50 28 14
45 90 15 10
57 43 65 12
87 66 23 10
75 55 23 7
21 17 49 13
97 52 53 18
80 79 85 20
93 51 99 11
13 99 36 15
92 90 80 11
31 56 77 17
5 3 33 1
41 50 6 18
21 71 44 17
35 83 25 19
41 58 64 8
0 67 9 18
14 44 36 17
11 57 5 15
25 30 43 6
36 22 42 15
54 58 83 13
78 2 68 5
94 50 60 5
79 87 81 1
83 51 61 6
98 78 64 12
77 62 93 14
58 10 90 7
7 12 47 17
79 98 80 19
1 34 53 20
56 80 24 17
71 50 26 3
47 25 83 13
75 45 32 7
91 25 7 11
6 80 13 13
50 76 47 19
59 55 43 7
89 92 60 19
63 68 47 4
59 60 17 17
73 28 65 12
94 91 79 16
88 9 22 5
23 97 61 3
70 64 41 11
86 36 46 12
38 63 51 4
34 11 87 16
17 26 12 19
65 78 6 8
31 91 14 17
19 27 41 5
15 32 9 4
34 30 31 4
20 12 73 18
7 18 32 4
75 66 90 14
21 75 11 18
24 92 15 1
31 2 33 16
60 13 89 18
63 32 71 20
62 0 16 1
61 34 74 13
96 74 51 18